Image     CPU Time (s)   GPU Time (s)   Speedup   
--------------------------------------------------
1         4.1435         0.1918         21.61     
2         4.1272         0.1910         21.61     
3         4.1213         0.1925         21.41     
4         4.2399         0.1922         22.06     
5         3.4556         0.0107         322.95    
6         3.4427         0.0104         332.63    
7         3.4319         0.0106         323.77    
8         3.4440         0.0108         318.88    
9         3.4169         0.0109         313.48    
10        3.4412         0.0103         335.73    
11        4.6233         0.0115         403.78    
12        4.6250         0.0116         398.70    
13        4.4697         0.0117         382.03    
14        4.7310         0.0122         389.39    
15        4.6353         0.0114         406.61    
16        4.4961         0.0114         394.40    
