Image     CPU Time (s)   GPU Time (s)   Speedup   
--------------------------------------------------
1         2.7852         0.0133         210.20    
2         2.8515         0.0141         202.95    
3         2.7864         0.0135         207.17    
4         2.8207         0.0139         202.93    
5         2.6617         0.0141         189.45    
6         2.6740         0.0147         182.53    
7         2.6715         0.0140         191.51    
8         2.6678         0.0133         200.59    
9         2.6777         0.0139         193.33    
10        2.6734         0.0150         178.83    
11        2.2881         0.0121         189.88    
12        2.3557         0.0126         186.96    
13        2.4013         0.0138         174.64    
14        2.3601         0.0136         173.53    
15        2.3952         0.0131         182.84    
16        2.3745         0.0134         177.20    
