Image     Serial Time (s)     Parallel Time (s)   Speedup   
------------------------------------------------------------
1         6.3849              2.9905              2.14      
2         6.3798              2.9900              2.13      
3         6.2807              2.9374              2.14      
4         6.4541              3.0142              2.14      
5         5.2939              2.4395              2.17      
6         5.2437              2.4020              2.18      
7         5.2681              2.4329              2.17      
8         5.4206              2.5237              2.15      
9         5.3237              2.4664              2.16      
10        5.2447              2.4354              2.15      
11        7.0254              3.6003              1.95      
12        6.8409              3.4969              1.96      
13        6.7378              3.3887              1.99      
14        7.0082              3.6385              1.93      
15        6.8821              3.5338              1.95      
16        6.6748              3.3389              2.00      
